0.00 13.0000
1.00 12.9652
2.00 12.9304
3.00 12.8953
4.00 12.8598
5.00 12.8239
6.00 12.7874
7.00 12.7501
8.00 12.7119
9.00 12.6726
10.00 12.6320
11.00 12.5898
12.00 12.5457
13.00 12.4994
14.00 12.4503
15.00 12.3979
16.00 12.3415
17.00 12.2798
18.00 12.2116
19.00 12.1347
20.00 12.0458
21.00 11.9393
22.00 11.8050
23.00 11.6198
24.00 11.3098
25.00 7.0000
26.00 2.7076
27.00 2.4150
28.00 2.2472
29.00 2.1303
30.00 2.0414
31.00 1.9700
32.00 1.9108
33.00 1.8603
34.00 1.8166
35.00 1.7782
36.00 1.7439
37.00 1.7132
38.00 1.6854
39.00 1.6601
40.00 1.6368
41.00 1.6154
42.00 1.5956
43.00 1.5772
44.00 1.5601
45.00 1.5441
46.00 1.5290
47.00 1.5149
48.00 1.5016
49.00 1.4890
50.00 1.4771
