0.00 11.1221
1.00 10.6302
2.00 10.3107
3.00 10.1153
4.00 9.9702
5.00 9.8521
6.00 9.7506
7.00 9.6602
8.00 9.5774
9.00 9.4999
10.00 9.4261
11.00 9.3547
12.00 9.2848
13.00 9.2152
14.00 9.1453
15.00 9.0739
16.00 9.0001
17.00 8.9226
18.00 8.8398
19.00 8.7494
20.00 8.6479
21.00 8.5298
22.00 8.3847
23.00 8.1893
24.00 7.8698
25.00 5.2755
26.00 2.7076
27.00 2.4150
28.00 2.2472
29.00 2.1303
30.00 2.0414
31.00 1.9700
32.00 1.9108
33.00 1.8603
34.00 1.8166
35.00 1.7782
36.00 1.7439
37.00 1.7132
38.00 1.6854
39.00 1.6601
40.00 1.6368
41.00 1.6154
42.00 1.5956
43.00 1.5772
44.00 1.5601
45.00 1.5441
46.00 1.5290
47.00 1.5149
48.00 1.5016
49.00 1.4890
50.00 1.4771
