0.00 2.8829
1.00 3.3798
2.00 3.6993
3.00 3.8947
4.00 4.0398
5.00 4.1579
6.00 4.2594
7.00 4.3498
8.00 4.4326
9.00 4.5101
10.00 4.5839
11.00 4.6553
12.00 4.7252
13.00 4.7948
14.00 4.8647
15.00 4.9361
16.00 5.0099
17.00 5.0874
18.00 5.1702
19.00 5.2606
20.00 5.3621
21.00 5.4802
22.00 5.6253
23.00 5.8207
24.00 6.1402
25.00 8.7295
26.00 11.2924
27.00 11.5850
28.00 11.7528
29.00 11.8697
30.00 11.9586
31.00 12.0300
32.00 12.0892
33.00 12.1397
34.00 12.1834
35.00 12.2218
36.00 12.2561
37.00 12.2868
38.00 12.3146
39.00 12.3399
40.00 12.3632
41.00 12.3846
42.00 12.4044
43.00 12.4228
44.00 12.4399
45.00 12.4559
46.00 12.4710
47.00 12.4851
48.00 12.4984
49.00 12.5110
50.00 12.5229
