0.00 1.7468
0.50 0.6198
1.00 0.9393
1.50 1.1347
2.00 1.2798
2.50 1.3979
3.00 1.4994
3.50 1.5898
4.00 1.6726
4.50 1.7501
5.00 1.8239
5.50 1.8953
6.00 1.9652
6.50 2.0348
7.00 2.1047
7.50 2.1761
8.00 2.2499
8.50 2.3274
9.00 2.4102
9.50 2.5006
10.00 2.6021
10.50 2.7202
11.00 2.8653
11.50 3.0607
12.00 3.3802
12.50 4.5000
13.00 5.6198
13.50 5.9393
14.00 6.1347
14.50 6.2798
15.00 6.3979
15.50 6.4994
16.00 6.5898
16.50 6.6726
17.00 6.7501
17.50 6.8239
18.00 6.8953
18.50 6.9652
19.00 7.0348
19.50 7.1047
20.00 7.1761
20.50 7.2499
21.00 7.3274
21.50 7.4102
22.00 7.5006
22.50 7.6021
23.00 7.7202
23.50 7.8653
24.00 8.0607
24.50 8.3802
25.00 9.8495
25.50 10.9957
26.00 11.2924
26.50 11.4643
27.00 11.5850
27.50 11.6778
28.00 11.7528
28.50 11.8157
29.00 11.8697
29.50 11.9168
30.00 11.9586
30.50 11.9961
31.00 12.0300
31.50 12.0609
32.00 12.0892
32.50 12.1154
33.00 12.1397
33.50 12.1623
34.00 12.1834
34.50 12.2032
35.00 12.2218
35.50 12.2394
36.00 12.2561
36.50 12.2718
37.00 12.2868
37.50 12.3010
38.00 12.3146
38.50 12.3276
39.00 12.3399
39.50 12.3518
40.00 12.3632
40.50 12.3741
41.00 12.3846
41.50 12.3947
42.00 12.4044
42.50 12.4137
43.00 12.4228
43.50 12.4315
44.00 12.4399
44.50 12.4480
45.00 12.4559
45.50 12.4636
46.00 12.4710
46.50 12.4781
47.00 12.4851
47.50 12.4918
48.00 12.4984
48.50 12.5048
49.00 12.5110
49.50 12.5170
50.00 12.5229
